0.00000000000000000           
0.00417163558463288           
0.00836001188898103           
0.01258201756748348           
0.01685483929551465           
0.02119611620086296           
0.02562410091968062           
0.03015782968650259           
0.03481730404581859           
0.03962368700179840           
0.04459951670730288           
0.04976894113875382           
0.05515797761567028           
0.06079480150949629           
0.06671006905275698           
0.07293727981365897           
0.07951318514940749           
0.08647824979846823           
0.09387717471953723           
0.10175949032959027           
0.11018023042352131           
0.11920069824960439           
0.12888933742654224           
0.13932272155136038           
0.15058667735954981           
0.16277755700747681           
0.17600367523571323           
0.19038692654245387           
0.20606459565028279           
0.22319137097640224           
0.24194156489118598           
0.26251153556459295           
0.28512229244857368           
0.31002225041430315           
0.33749007630689543           
0.36783754747744368           
0.40141231835652946           
0.43860047627611343           
0.47982877686519826           
0.52556651035056989           
0.57632711234716405           
0.63266998340483305           
0.69520367914435022           
0.76459298337495496           
0.84157502740986878           
0.92699509719633622           
1.02188513198575248           
1.12763929141996266           
1.24643043525256325           
1.38221034205202042           
-1.52638210238201721          
-1.38221034205202087          
-1.24643043525256303          
-1.12763929141996155          
-1.02188513198575270          
-0.92699509719633644          
-0.84157502740986811          
-0.76459298337495551          
-0.69520367914435066          
-0.63266998340483260          
-0.57632711234716383          
-0.52556651035057078          
-0.47982877686519720          
-0.43860047627611315          
-0.40141231835652968          
-0.36783754747744418          
-0.33749007630689315          
-0.31002225041430392          
-0.28512229244857262          
-0.26251153556459295          
-0.24194156489118665          
-0.22319137097640160          
-0.20606459565028318          
-0.19038692654245240          
-0.17600367523571372          
-0.16277755700747651          
-0.15058667735954981          
-0.13932272155136038          
-0.12888933742654196          
-0.11920069824960340          
-0.11018023042352107          
-0.10175949032959071          
-0.09387717471953687          
-0.08647824979846923          
-0.07951318514940733          
-0.07293727981365979          
-0.06671006905275671          
-0.06079480150949629          
-0.05515797761566935          
-0.04976894113875294          
-0.04459951670730278          
-0.03962368700179809          
-0.03481730404581859          
-0.03015782968650201          
-0.02562410091968002          
-0.02119611620086283          
-0.01685483929551473          
-0.01258201756748350          
-0.00836001188898101          
-0.00417163558463271          
